000
000
000
-3017
000
000
000
9775
6539
000
000
-4503
000
000
000
-11705
000
-1052
000
000
-7516
000
-551
000
000
3430
000
-6332
000
2420
000
5700
7312
000
000
000
000
-3928
6080
000
000
16373
000
-12447
000
8428
000
000
-2131
000
000
14873
11570
1428
000
14222
-4482
-9697
000
000
960
5730
000
4764
4285
5527
11540
-2447
5837
6520
000
000
7514
-3438
000
5642
-9474
2365
000
000
000
7611
-294
000
000
000
000
5234
000
7516
-1440
-7276
4415
000
-9046
263
4899
-2834
6709
000
-9257
000
-2335
000
000
000
8529
000
000
000
000
7154
000
2710
000
3995
1059
6409
000
000
12405
2358
000
16283
6087
5077
7833
3764
000
-3592
-1907
000
000
3611
4513
4058
000
-1745
000
000
000
000
000
-4495
000
10044
3667
000
9753
7878
000
000
1430
000
000
3413
3220
16331
4386
853
000
-2825
000
000
6214
000
-2888
000
-7121
000
000
2445
4634
000
-349
000
000
000
000
11798
3117
13289
000
1177
000
4848
000
000
000
13400
14034
4699
000
000
10836
000
000
4410
11886
-7934
000
155
-7210
000
000
-10622
000
000
000
000
6023
9344
7255
5671
876
000
9014
000
000
000
-3607
000
2412
2890
3210
000
-7926
4708
000
000
1926
242
8433
5170
1765
000
000
000
6658
8898
-6071
000
000
000
7396
000
000
000
2705
-4879
2554
000
000
6355
000
000
-2220
000
-2182
9668
6862
000
000
11317
14645
000
000
1717
000
4921
000
000
000
-5726
7953
-6267
2034
000
10674
000
-633
000
4752
7603
000
000
1836
513
000
24880
000
661
000
000
000
2509
543
8492
000
-3181
-5172
10593
-5612
000
000
000
10936
000
1031
4880
6816
000
9895
000
000
-997
9815
000
000
000
6139
-12031
000
000
11876
-1033
3486
-7842
000
000
-12456
2282
-5267
144
000
2040
000
1542
000
000
000
000
5557
-1157
000
000
000
-3800
-10729
9925
000
000
000
1259
000
11132
000
000
000
000
5213
-11937
896
000
000
000
6407
1664
000
000
000
000
6569
840
000
026
11812
000
-3535
3518
000
7709
7591
7681
6448
000
6237
000
000
-1455
-316
000
534
15494
6034
000
000
000
000
000
000
-2550
-3567
000
-548
000
-4179
2901
000
14396
2914
000
000
000
000
1248
555
000
-1106
5830
000
-8312
-1331
000
000
-10022
-6030
2668
000
-1502
000
000
000
-131
000
000
-11550
000
000
-1965
000
-1646
000
-2509
12431
000
-8190
9821
000
16155
000
11669
7424
000
000
9868
6681
000
000
000
2695
000
11374
4535
000
9103
3910
000
-1612
000
1239
000
000
000
000
-562
6971
000
000
12853
000
11881
000
14993
000
5218
4342
000
000
000
000
000
-1705
5183
-4210
000
000
000
5506
000
-1089
11302
000
000
4373
000
3985
000
000
885
000
3372
2768
000
000
13748
000
3722
-1722
7926
-9247
6067
-10563
-10597
000
000
15151
000
000
5872
000
000
000
8917
-6792
000
3177
15813
000
-6887
10651
000
000
000
000
5202
000
000
1355
-191
9523
-2686
000
3719
000
000
11818
000
000
000
000
3651
000
000
3202
000
6087
000
18765
000
11950
000
-10405
000
-7070
000
000
-6506
6784
000
-9855
3620
-420
-5288
000
000
5506
000
000
7910
17874
8691
000
000
000
5973
1039
-184
000
12560
000
000
5002
1941
000
7993
-3233
000
000
14750
3016
3905
19037
7982
000
000
3863
-5142
000
000
000
000
5899
7535
000
11029
000
13698
9798
000
000
9784
-2512
000
-6135
000
000
000
000
000
000
000
-8755
000
3645
000
-1226
4645
000
18486
000
-2843
-942
000
3309
-3379
5675
-253
10959
-2228
000
7092
000
000
4819
000
-1258
-420
8364
-6330
000
7023
000
000
15882
250
-18159
000
000
000
7638
14540
14680
000
1755
000
-261
-3879
000
7446
11808
000
5173
000
000
-721
-1896
000
000
000
000
000
13802
000
-4595
-1873
8598
000
000
000
3240
000
-2933
402
-3478
5504
8289
2247
000
-5278
255
000
-4465
-1762
000
000
-141
000
12532
000
000
4116
000
-4673
9575
-515
2533
-4034
10803
17127
7894
000
-181
2584
8584
000
000
000
000
3958
000
-16948
6273
000
000
981
000
000
000
7497
000
13303
1684
2208
000
000
3083
4254
000
5331
000
-5870
16158
000
9963
-1789
000
000
000
8137
8272
9223
000
000
-1248
9846
4013
4771
-5208
000
000
-1340
-5139
000
000
000
6908
000
8107
000
000
7635
2669
-1825
000
000
000
4930
2059
000
1382
7633
-2661
8652
5049
16753
-5341
4188
000
6738
000
3312
-2066
000
000
19360
000
000
000
-5375
4492
-167
000
11181
000
-8545
000
8120
000
7948
8521
10776
000
2553
-3695
000
8962
000
000
-3978
000
000
000
000
5422
9523
000
000
12942
000
1207
000
000
1179
4323
000
000
000
5779
-9232
12779
-7287
-1068
000
000
-12918
18927
000
7423
-3042
000
000
000
000
000
863
7595
000
000
000
5219
-1282
000
000
000
000
000
000
000
6876
4762
2752
14124
000
000
000
000
-2732
000
000
16090
-13192
000
000
000
000
8951
168
-5469
10577
000
000
000
7834
9069
000
-2530
-3181
000
000
-4982
000
3956
706
000
000
000
17067
000
000
7886
11728
000
000
000
000
000
000
000
000
-4067
-2867
5133
000
000
-279
8728
-6965
8525
6467
000
471
000
000
3635
000
000
000
2830
9057
3668
1361
000
000
000
9581
000
000
000
9183
000
000
-7570
000
6421
000
000
000
-1694
7851
-7058
000
9573
12884
937
8840
811
000
-3201
000
000
10329
000
-5239
2712
000
000
000
8250
000
8366
7243
6852
000
000
2059
3117
-3782
12752
7272
000
000
000
1825