084
129
145
103
129
106
138
128
202
129
132
188
069
151
129
129
129
129
129
129
129
134
092
129
144
129
166
140
129
154
129
096
129
126
129
129
136
129
088
129
129
144
134
220
129
122
129
129
052
129
129
062
220
184
167
129
161
129
118
129
129
129
129
011
097
129
129
092
102
118
129
140
129
171
143
129
129
129
129
129
125
129
212
084
129
129
129
130
129
134
129
129
118
158
093
129
104
193
129
129
135
129
129
129
129
129
093
129
139
143
111
122
098
170
129
097
126
129
129
129
079
129
180
129
156
129
129
199
129
129
129
129
099
129
077
129
129
129
119
124
129
084
129
103
129
152
177
129
082
077
129
129
143
101
106
091
189
129
094
159
129
126
129
129
163
129
108
227
129
159
129
129
129
129
129
155
129
151
129
129
088
123
129
129
129
068
047
128
129
129
215
129
121
155
129
132
129
129
244
129
129
169
133
120
097
093
174
129
115
129
119
194
080
223
149
146
129
133
129
129
129
129
129
129
129
108
129
129
129
120
129
116
129
129
067
129
134
129
129
129
129
129
129
129
129
129
129
115
082
129
136
215
109
145
129
129
172
116
129
104
163
129
170
054
129
070
109
129
146
090
112
090
129
094
129
129
129
151
106
134
145
073
129
129
193
129
129
129
159
129
183
126
129
129
129
068
129
140
103
129
105
129
129
138
088
139
129
129
129
129
124
129
127
129
129
129
134
129
129
129
129
129
212
129
174
129
072
129
129
129
129
129
118
156
058
129
113
169
129
129
103
129
129
129
186
061
081
128
129
177
116
145
129
136
129
129
115
129
107
127
129
129
129
094
211
114
068
072
129
205
062
138
129
106
089
084
129
148
129
129
063
129
129
114
114
143
077
091
124
129
110
170
152
129
085
129
187
126
142
129
166
129
054
129
129
138
129
088
129
197
153
149
129
129
129
146
129
129
129
129
129
129
129
121
129
123
129
134
129
129
129
144
058
130
129
139
129
129
119
070
106
129
129
079
129
129
069
129
125
214
129
121
129
129
116
151
194
129
129
129
129
129
124
092
129
204
129
135
221
129
167
129
082
151
127
201
167
156
090
129
129
129
129
129
069
129
135
121
129
129
130
100
129
129
129
129
092
129
082
120
169
129
129
143
160
129
146
091
116
129
152
129
098
122
129
117
132
129
129
129
129
129
129
078
129
129
125
151
129
119
129
129
138
129
185
129
112
129
129
129
129
129
129
123
064
069
175
129
129
116
129
129
129
129
128
129
116
125
152
190
129
129
056
126
129
134
206
129
147
129
059
111
136
129
129
129
129
094
189
122
129
115
129
200
129
129
146
129
129
175
129
129
129
140
177
112
129
129
096
129
129
129
141
129
134
174
129
129
129
148
129
145
115
129
154
129
129
045
129
129
193
115
129
129
120
121
129
129
116
129
125
129
129
129
176
131
094
129
129
129
129
129
129
191
129
129
129
128
112
159
129
129
129
075
129
129
092
147
133
057
110
150
153
194
129
090
183
129
129
129
129
129
129
129
083
129
129
141
147
104
129
120
129
129
129
134
129
129
129
051
101
129
132
127
083
127
132
191
185
138
143
099
129
127
144
121
129
068
129
129
129
129
129
129
129
122
129
150
120
127
107
129
129
087
067
129
152
129
129
154
128
081
129
129
129
162
129
149
129
089
186
117
111
129
129
129
129
087
122
131
129
183
129
129
129
129
155
129
169
121
164
185
144
181
137
129
129
129
150
129
129
129
129
098
148
102
061
129
148
129
129
144
129
091
217
141
097
123
235
129
129
129
129
129
129
150
129
129
129
166
129
149
124
129
129
129
103
078
129
091
181
129
090
129
116
100
129
129
129
045
129
058
129
098
112
103
129
130
129
129
129
129
153
106
068
164
119
129
141
181
129
097
114
129
129
100
144
138
129
199
129
134
144
127
129
145
129
129
129
165
129
129
153
109
118
129
174
110
113
159
143
129
129
129
129
129
129
060
129
147
184
146
129
127
103
042
051
129
179
148
098
186
129
154
060
129
129
129
129
129
129
135
129
091
129
129
129
121
167
149
129
104
163
074
162
099
146
129
129
101
143
190
076
129
129
115
149
059
129
129
129
173
090
099
129
129
099
129
129
167
186
206
129
129
104
129
088
115
129
129
129
129
201
129
071
118
086
091
129
183
129
218
132
158
111
129
070
129
122
204
129
155
156
129
120
129
163
129
145
129
129
129
140
111
129
192
059
094
129
141
129
194
204
116
129
145
129
129
147
189
129
129
129
129
129
129
129
127
129
129
129
020
129
056
132
150
070
129
168
129
129
218
109
129
096
198
127
097
129
048
129
129
077
169
159
121
129
130
129
072
129
094
068
168
113
062
129
073
129
135
129
129
129
129
166
119
129
063
129
176
140
129
129
129
135
056
129
129
141
081
145
129
134
129
169
117
114
113
129
074
090
129
129
200
121
129
129
129
129
129
125
067
118
129
170
065
129
110
129
129
071
129
108
162
158
173
129
118
129
148
129
113
129
188
136
129
129
129
161
140
129
129
129
183
129
191
129
129
129
144
129
128
129
129
124
107
129
129
193
084
129
150
138
189
126
129
129
129
129
134
129
129
129
115
129
129
145
137
129
129
107
129
129
129
145
184
123
129
129
129
129
135
129
255
132
132
129
075
168
129
165
149
129
158
156
211
129
117
129
129
129
105
130
128
050
074
136
071
125
111
129
160
105
128
129
167
129
129
225
131
129
129
188
123
072
128
081
126
129
129
129
111
216
129
072
085
123
097
129
119
097
129
069
143
129
099
174
140
107
116
176
129
129
203
125
129
129
097
098
139
116
129
127
097
135
129
129
136
163
129
129
073
103
129
129
129
129
129
170
129
153
152
129
129
129
129
048
129
164
129
076
129
158
129
129
164
129
223
129
129
163
116
143
123
129
135
094
156
079
091
088
250
126
129
129
196
129
135
139
129
073
103
155
129
129
135
205
170
129
123
129
129
129
129
002
129
102
200
147
129
101
129
129
129
123
129
129
129
129
158
112
132
129
129
120
117
129
129
129
096
129
129
223
191
129
129
129
189
129
067
129
164
129
129
129
129
210
141
129
129
129
129
164
129
129
129
133
143
104
129
143
104
063
129
156
139
129
129
129
163
194
129
129
211
129
129
116
132
123
129
129
129
129
158
129
106
129
192
116
214
150
102
079
129
133
129
129
109
129
129
129
059
129
129
093
096
129
129
129
162
133
129
109
134
129
129
156
129
105
129
129
129
163
131
118
129
129
164
081
129
129
146
156
165
155
129
132
134
129
129
129
129
159
129
084
084
176
243
129
129
060
129
071
129
129
129
129
129
167
238
129
078
092
129
149
129
089
129
217
129
129
129
096
089
103
129
129
096
126
113
129
210
129
129
115
129
129
129
163
121
086
129
129
129
175
063
129
129
129
107
074
104
129
128
129
129
129
129
129
129
129
129
129
105
173
129
129
129
129
129
138
136
149
188
129
129
129
069
088
137
129
166
092
126
189
129
129
129
081
129
129
120
115
191
129
103
129
129
116
129
113
143
129
070
192
129
129
152
041
129
108
155
135
129
146
135
129
129
129
129
157
129
129
129
129
129
187
129
098
119
106
129
090
129
129
129
129
112
151
075
129
129
122
129
180
201
129
129
134
129
129
097
129
081
100
129
120
129
129
129
129
129
057
175
129
143
129
178
129
136
124
129
129
129
125
129
129
129
129
057
129
129
129
141
129
164
129
141
158
129
129
103
129
110
129
166
134
181
181
134
129
096
129
129
129
129
131
129
129
119
101
129
141
129
075
195
066
129
185
129
129
131
145
129
129
181
129
118
164
108
129
129
180
084
129
132
105
123
170
129
129
124
129
129
129
129
138
129
129
129
129
153
129
129
125
129
129
129
129
105
098
129
129
086
129
160
129
027
164
129
173
160
129
108
135
129
153
089
124
119
101
129
129
102
138
129
130
129
129
080
144
129
129
171
128
128
129
129
129
094
147
075
113
129
125
090
134
129
129
129
162
131
129
147
129
166
152
119
129
129
049
129
188
102
129
129
132
175
129
166
129
129
127
114
136
148
129
126
129
079
076
122
129
157
133
129
129
131
103
161
138
129
083
076
104
182
179
129
129
044
137
127
142
129
121
189
059
129
129
066
091
129
150
165
129
183
083
129
157
114
085
129
111
191
129
086
069
129
139
149
109
129
129
129
129
129
118
129
129
031
122
129
101
133
129
129
129
129
126
129
152
110
129
129
129
111
118
129
119
115
129
129
055
129
166
129
129
155
150
129
129
129
186
125
129
129
122
146
129
129
129
213
148
129
129
106
142
081
129
072
135
143
194
139
137
129
129
129
129
129
103
129
129
203
220
129
129
129
103
129
129
129
129
129
170
129
112
121
175
129
155
112
129
045
137
151
129
046
129
166
129
129
129
129
129
118
159
078
105
129
129
123
129
068
147
066
047
159
129
129
162
129
129
159
129
129
079
129
134
137
129
129
129
148
147
129
096
092
126
136
150
119
129
152
167
100
129
129
129
129
148
160
129
162
150
129
137
129
111
129
114
081
116
076
145
129
129
140
129
105
230
192
129
129
109
109
129
129
165
129
144
185
120
142
129
129
129
101
140
185
129
129
129
009
129
129
129
109
129
151
128
133
129
128
141
220
128
129
168
146
129
161
142
129
129
129
129
129
129
129
129
100
129
129
076
129
126
129
123
129
097
129
199
171
129
129
129
129
008
142
094
168
129
099
129
113
129
129
176
167
129
129
129
122
129
129
099
129
196
192
155
129
129
129
143
152
187
129
129
211
088
129
094
129
129
129
129
195
129
087
091
129
129
129
166
129
129
129
129
129
129
129
129
129
101
112
127
129
126
129
129
098
192
113
094
105
140
074
164
129
162
117
110
129
129
129
129
129
129
103
118
129
149
129
198
148
148
129
159
144
087
129
129
141
049
129
129
129
129
081
122
154
152
129
091
141
129
129
148
070
129
107
129
129
129
142
120
184
064
129
091
129
099
131
139
053
110
129
129
129
083
129
129
129
148
129
065
129
129
129
059
129
103
089
129
116
129
134
141
129
107
129
129
152
129
163
110
117
142
146
129
129
129
129
129
129
129
166
129
129
129
086
136
136
146
138
129
129
076
129
129
160
129
129
166
129
093
129
197
113
129
171
129
110
129
187
213
129
140
129
129
163
133
158
132
136
132
122
000
129
129
143
129
129
129
178
129
129
169
130
129
129
195
129
129
129
122
129
109
147
129
129
135
129
129
141
129
173
129
154
129
129
160
129
129
129
144
129
078
129
129
129
129
129
104
227
129
216
111
129
161
175
129
106
129
099
069
129
061
129
204
132
129
129
154
129
129
077
129
120
129
130
129
129
085
113
186
119
112
129
129
129
129
129
129
092
129
153
129
129
129
129
129
156
111
137
129
129
101
078
129
129
129
129
118
099
129
129
129
129
129
129
129
118
098
158
129
111
129
129
128
033
129
129
139
152
129
097
130
129
116
129
154
152
087
181
129
129
129
112
185
129
129
054
153
198
129
170
170
129
129
111
129
125
109
129
129
068
129
129
129
129
129
129
160
129
177
129
092
129
129
129
055
206
129
105
129
162
058
129
104
132
143
129
123
129
129
179
129
118
109
144
129
129
129
098
129
111
129
129
129
136
167
129
129
175
129
129
129
129
130
161
101
118
104
163
129
092
156
167
114
128
148
129
179
185
083
129
129
154
129
129
213
129
129
114
164
129
129
109
103
204
129
151
129
135
129
129
129
221
149
102
084
115
129
071
097
129
129
144
129
129
227
119
139
150
137
113
205
133
090
152
164
129
083
129
129
129
156
129
129
129
142
203
109
095
161
073
129
101
129
148
137
129
172
155
129
119
129
129
129
067
129
136
140
129
129
129
129
124
129
129
129
047
129
184
193
129
129
123
147
163
178
133
129
160
129
128
129
158
180
129
129
129
182
060
129
129
129
129
117
112
189
051
102
129
129
124
129
129
129
167
129
129
129
098
129
099
154
129
171
061
129
111
167
129
129
065
134
167
131
129
129
129
198
180
118
068
167
129
129
171
129
129
129
129
129
127
126
129
129
085
129
140
129
073
129
132
123
082
188
129
078
129
101
116
152
129
122
111
102
129
137
143
129
129
158
129
080
129
129
129
129
079
113
129
097
184
129
042
129
129
129
129
114
129
129
129
121
129
129
129
129
129
129
131
101
129
129
129
129
079
129
129
134
120
129
116
129
093
129
129
129
129
129
178
129
165
129
128
129
166
129
195
112
129
089
184
129
129
129
129
129
188
129
126
136
163
129
106
129
124
129
129
129
129
129
129
129
129
129
129
129
185
161
129
129
129
100
129
151
135
080
152
129
129
165
129
103
129
129
129
088
129
109
129
125
129
128
129
129
129
076
102
130
135
129
142
112
092
138
129
129
129
116
167
129
129
101
108
129
131
129
129
129
155
129
089
129
081
117
123
203
169
144
129
129
129
093
125
129
133
129
129
129
138
206
129
129
179
163
165
129
129
149
129
129
090
129
133
131
129
149
129
222
082
111
129
129
109
129
129
109
129
129
129
172
129
129
129
139
162
129
129
158
127
098
111
129
129
157
149
129
129
236
129
129
095
082
129
129
129
133
129
133
129
160
147
129
104
129
090
121
129
129
129
129
129
075
200
139
129
167
134
129
129
095
129
129
125
155
129
129
074
056
151
129
129
077
129
129
098
103
087
129
129
129
113
129
129
129
129
129
121
129
090
178
129
129
129
129
175
106
129
129
146
192
129
150
108
196
127
129
152
086
129
129
163
129
129
116
123
129
129
129
113
092
114
129
115
190
101
129
129
129
129
067
129
117
111
129
129
147
129
133
129
113
129
129
169
132
114
129
114
129
118
129
103
129
129
129
129
129
129
129
129
141
129
142
191
129
133
188
129
189
129
129
129
129
129
139
129
129
129
129
102
090
138
129
165
138
129
152
129
129
129
103
084
149
129
129
129
091
129
129
129
134
129
029
181
176
129
146
129
109
120
117
149
129
129
050
110
107
129
129
153
138
157
070
129
200
090
129
127
139
083
146
106
129
177
129
129
143
129
129
111
180
129
129
179
129
129
129
129
135
099
129
129
128
098
170
129
167
117
059
129
129
129
129
136
129
129
129
129
135
129
145
129
190
129
172
129
113
129
072
129
161
129
129
133
099
129
170
129
129
129
111
129
129
129
129
100
129
129
129
084
163
092
129
129
158
120
129
129
129
068
136
129
190
141
129
174
129
157
129
129
144
129
188
128
119
129
066
142
125
088
129
129
136
129
129
129
129
129
129
081
127
129
126
129
115
129
129
129
129
129
129
122
129
096
136
167
100
129
129
129
129
129
136
129
152
088
115
027
129
141
129
146
129
148
129
119
165
129
129
142
129
129
165
106
085
129
129
130
129
194
083
129
129
107
133
129
110
177
170
129
129
152
148
129
129
129
129
125
129
111
129
131
172
129
054
129
129
129
129
129
175
140
140
159
129
118
142
129
129
129
129
129
129
105
073
129
129
107
152
192
129
129
146
163
129
129
129
129
112
129
076
116
129
144
129
129
129
150
129
129
129
129
129
129
145
106
129
067
155
129
129
102
173
129
129
129
220
147
129
129
058
129
145
178
102
202
105
149
177
129
118
129
129
129
139
051
129
129
102
101
129
094
129
140
167
148
117
094
175
129
137
129
129
129
097
129
129
147
122
103
166
158
088
116
140
129
144
129
140
167
097
148
129
134
129
129
080
106
129
089
063
146
129
129
129
187
118
150
129
151
129
129
129
129
129
129
126
129
129
129
099
146
167
129
129
212
174
129
129
157
119
129
129
129
129
129
236
129
129
129
114
129
154
142
129
129
148
109
129
129
048
154
097
157
129
122
174
129
129
129
092
158
002
158
165
134
103
070
088
179
184
129
128
129
129
129
123
115
104
171
129
129
148
129
129
129
098
129
157
082
129
169
129
129
129
138
129
113
129
129
129
129
126
178
079
129
087
166
123
083
125
129
207
129
075
121
095
170
129
129
154
162
129
126
129
147
180
129
129
129
103
165
129
129
116
084
129
086
099
129
126
154
129
129
106
129
129
113
129
179
125
129
129
159
126
170
118
067
129
129
127
133
147
199
158
129
129
129
210
127
129
129
129
120
129
123
213
103
129
162
084
129
129
129
129
129
095
129
138
129
138
159
129
129
094
181
129
129
141
101
107
200
113
125
129
068
158
129
112
130
103
102
150
163
109
146
129
129
104
129
187
134
201
101
129
131
129
101
185
129
129
129
129
129
116
129
129
119
129
129
089
129
123
137
129
042
129
129
129
196
098
129
129
129
129
129
211
129
088
129
153
034
115
183
156
129
071
129
141
130
129
129
129
186
074
046
089
129
140
129
226
100
129
129
129
140
133
129
129
086
129
129
129
126
155
129
124
091
129
129
095
129
199
129
147
170
111
124
129
129
129
129
129
129
129
129
129
132
084
129
179
129
097
134
177
129
181
191
110
129
199
093
129
129
129
114
145
129
155
134
129
144
093
131
129
129
129
176
129
119
129
132
078
138
228
129
129
129
109
129
129
135
131
129
129
178
129
148
170
142
129
129
129
129
129
129
123
038
129
129
113
167
072
130
129
129
129
129
129
212
129
139
110
129
044
142
097
048
173
129
129
119
129
084
129
043
129
129
129
161
129
078
126
129
154
114
129
093
129
129
124
075
129
129
129
162
161
129
129
076
129
129
144
129
129
132
129
129
129
129
129
129
153
124
177
129
132
096
124
187
168
129
129
129
129
129
154
129
147
129
114
121
136
129
129
060
159
095
169
146
181
127
129
129
129
129
197
129
110
129
108
089
129
155
173
129
126
115
129
129
146
129
156
149
121
129
129
109
129
129
129
129
167
105
129
129
129
212
183
118
159
169
139
129
090
129
129
129
086
129
109
129
129
129
129
167
129
144
157
129
142
114
136
129
089
129
113
129
150
123
129
190
129
129
132
204
129
149
143
102
155
129
161
097
149
075
129
155
129
129
129
129
129
182
073
067
196
129
129
121
129
103
129
129
129
099
129
147
129
176
129
129
129
129
125
133
168
129
105
111
129
072
143
181
145
078
129
144
124
129
138
147
139
116
131
129
121
129
129
116
143
129
129
129
129
132
150
068
129
094
129
151
129
145
129
132
129
171
162
129
129
129
063
130
201
129
129
129
129
129
129
129
148
129
157
129
084
151
129
147